;tuplas;cont
0;[5, 7];1
1;[3, 0];16
2;[1, 5];6
3;[6, 4];3
4;[10, 8];2
5;[4, 2];3
6;[1, 4];12
7;[10, 10];1
8;[7, 2];1
9;[8, 5];2
10;[7, 8];3
11;[1, 4];12
12;[2, 1];34
13;[2, 1];34
14;[3, 1];12
15;[4, 2];3
16;[14, 5];1
17;[10, 4];1
18;[5, 3];7
19;[12, 16];1
20;[0, 1];46
21;[3, 3];11
22;[10, 18];1
23;[2, 3];13
24;[0, 5];1
25;[1, 0];35
26;[5, 5];6
27;[8, 6];3
28;[1, 7];2
29;[1, 1];104
30;[3, 1];12
31;[1, 2];30
32;[2, 1];34
33;[2, 0];20
34;[1, 3];18
35;[1, 1];104
36;[1, 1];104
37;[4, 1];15
38;[0, 6];2
39;[3, 3];11
40;[2, 4];8
41;[3, 1];12
42;[2, 1];34
43;[3, 4];5
44;[4, 3];7
45;[7, 8];3
46;[2, 5];8
47;[3, 6];2
48;[2, 7];1
49;[6, 1];5
50;[2, 3];13
51;[8, 6];3
52;[1, 2];30
53;[2, 0];20
54;[1, 2];30
55;[0, 1];46
56;[1, 2];30
57;[1, 1];104
58;[3, 0];16
59;[0, 1];46
60;[0, 1];46
61;[1, 3];18
62;[3, 2];18
63;[3, 1];12
64;[0, 2];22
65;[1, 1];104
66;[5, 0];8
67;[2, 0];20
68;[0, 1];46
69;[2, 4];8
70;[3, 4];5
71;[6, 5];2
72;[5, 6];1
73;[3, 2];18
74;[1, 1];104
75;[2, 1];34
76;[1, 0];35
77;[1, 2];30
78;[2, 1];34
79;[2, 1];34
80;[2, 2];18
81;[1, 1];104
82;[0, 2];22
83;[2, 2];18
84;[0, 1];46
85;[0, 3];9
86;[3, 0];16
87;[1, 0];35
88;[1, 2];30
89;[2, 4];8
90;[3, 2];18
91;[2, 5];8
92;[1, 2];30
93;[2, 1];34
94;[1, 0];35
95;[0, 1];46
96;[2, 1];34
97;[0, 2];22
98;[2, 2];18
99;[6, 1];5
100;[2, 0];20
101;[0, 1];46
102;[2, 0];20
103;[0, 1];46
104;[1, 0];35
105;[4, 4];5
106;[9, 3];1
107;[2, 4];8
108;[5, 3];7
109;[5, 5];6
110;[6, 4];3
111;[5, 4];3
112;[3, 2];18
113;[2, 5];8
114;[1, 1];104
115;[7, 8];3
116;[3, 5];6
117;[1, 2];30
118;[3, 0];16
119;[0, 2];22
120;[1, 1];104
121;[1, 1];104
122;[1, 1];104
123;[1, 1];104
124;[1, 1];104
125;[1, 1];104
126;[1, 1];104
127;[1, 1];104
128;[2, 1];34
129;[1, 1];104
130;[1, 1];104
131;[1, 1];104
132;[2, 2];18
133;[1, 1];104
134;[1, 1];104
135;[1, 0];35
136;[1, 1];104
137;[1, 0];35
138;[0, 1];46
139;[5, 4];3
140;[2, 1];34
141;[5, 5];6
142;[13, 3];1
143;[2, 1];34
144;[0, 1];46
145;[1, 1];104
146;[1, 1];104
147;[2, 2];18
148;[1, 2];30
149;[3, 0];16
150;[1, 8];1
151;[2, 1];34
152;[3, 0];16
153;[1, 6];3
154;[1, 1];104
155;[11, 5];1
156;[1, 1];104
157;[1, 1];104
158;[0, 2];22
159;[7, 4];2
160;[10, 5];2
161;[8, 9];1
162;[1, 2];30
163;[1, 1];104
164;[2, 12];1
165;[5, 5];6
166;[12, 5];1
167;[23, 26];1
168;[10, 5];2
169;[8, 4];1
170;[4, 3];7
171;[6, 9];1
172;[5, 8];3
173;[6, 1];5
174;[2, 5];8
175;[15, 12];1
176;[5, 9];1
177;[6, 3];4
178;[5, 5];6
179;[10, 12];2
180;[5, 3];7
181;[0, 1];46
182;[2, 0];20
183;[1, 10];2
184;[1, 10];2
185;[8, 5];2
186;[5, 8];3
187;[3, 2];18
188;[3, 3];11
189;[1, 1];104
190;[1, 4];12
191;[2, 0];20
192;[1, 1];104
193;[0, 3];9
194;[1, 6];3
195;[0, 1];46
196;[6, 0];3
197;[25, 14];1
198;[0, 9];1
199;[1, 5];6
200;[4, 5];1
201;[1, 1];104
202;[2, 0];20
203;[0, 2];22
204;[5, 1];4
205;[3, 8];2
206;[2, 10];2
207;[0, 6];2
208;[3, 2];18
209;[2, 3];13
210;[5, 1];4
211;[3, 2];18
212;[4, 7];3
213;[3, 7];2
214;[6, 3];4
215;[5, 3];7
216;[7, 1];1
217;[1, 0];35
218;[3, 6];2
219;[3, 10];1
220;[3, 5];6
221;[3, 5];6
222;[2, 2];18
223;[5, 3];7
224;[1, 2];30
225;[1, 1];104
226;[2, 2];18
227;[3, 1];12
228;[1, 0];35
229;[3, 5];6
230;[9, 0];1
231;[2, 5];8
232;[1, 7];2
233;[5, 2];4
234;[1, 1];104
235;[3, 7];2
236;[6, 1];5
237;[1, 3];18
238;[4, 1];15
239;[4, 1];15
240;[4, 1];15
241;[2, 3];13
242;[4, 4];5
243;[3, 4];5
244;[8, 13];1
245;[4, 6];1
246;[3, 3];11
247;[1, 1];104
248;[8, 7];1
249;[3, 2];18
250;[4, 1];15
251;[3, 2];18
252;[2, 5];8
253;[3, 3];11
254;[1, 1];104
255;[3, 2];18
256;[1, 3];18
257;[1, 1];104
258;[2, 4];8
259;[5, 5];6
260;[2, 3];13
261;[2, 1];34
262;[1, 1];104
263;[1, 2];30
264;[5, 2];4
265;[0, 1];46
266;[6, 3];4
267;[1, 0];35
268;[9, 5];1
269;[3, 3];11
270;[9, 6];1
271;[3, 2];18
272;[1, 5];6
273;[0, 4];4
274;[7, 4];2
275;[4, 2];3
276;[1, 2];30
277;[2, 1];34
278;[2, 1];34
279;[4, 3];7
280;[3, 3];11
281;[1, 1];104
282;[7, 5];2
283;[1, 1];104
284;[1, 3];18
285;[5, 1];4
286;[1, 2];30
287;[2, 2];18
288;[5, 2];4
289;[1, 1];104
290;[7, 5];2
291;[1, 1];104
292;[1, 1];104
293;[1, 2];30
294;[4, 1];15
295;[1, 1];104
296;[2, 2];18
297;[0, 2];22
298;[2, 0];20
299;[0, 2];22
300;[1, 1];104
301;[1, 0];35
302;[2, 4];8
303;[3, 0];16
304;[1, 1];104
305;[1, 1];104
306;[0, 2];22
307;[4, 1];15
308;[4, 1];15
309;[1, 1];104
310;[1, 1];104
311;[1, 1];104
312;[1, 0];35
313;[0, 1];46
314;[1, 1];104
315;[2, 1];34
316;[1, 1];104
317;[0, 4];4
318;[0, 1];46
319;[3, 1];12
320;[0, 2];22
321;[4, 3];7
322;[3, 1];12
323;[0, 1];46
324;[1, 1];104
325;[0, 2];22
326;[2, 0];20
327;[3, 2];18
328;[2, 2];18
329;[1, 1];104
330;[0, 2];22
331;[1, 4];12
332;[1, 1];104
333;[1, 1];104
334;[3, 0];16
335;[0, 3];9
336;[2, 1];34
337;[1, 0];35
338;[0, 3];9
339;[2, 1];34
340;[1, 1];104
341;[2, 1];34
342;[1, 1];104
343;[0, 3];9
344;[2, 1];34
345;[2, 3];13
346;[1, 1];104
347;[3, 2];18
348;[0, 1];46
349;[2, 4];8
350;[4, 3];7
351;[2, 3];13
352;[2, 0];20
353;[4, 4];5
354;[7, 12];1
355;[5, 10];1
356;[3, 1];12
357;[0, 2];22
358;[1, 1];104
359;[0, 2];22
360;[2, 1];34
361;[3, 0];16
362;[1, 1];104
363;[2, 3];13
364;[1, 1];104
365;[1, 3];18
366;[1, 1];104
367;[0, 2];22
368;[1, 0];35
369;[0, 3];9
370;[6, 1];5
371;[3, 2];18
372;[2, 3];13
373;[4, 3];7
374;[5, 2];4
375;[5, 0];8
376;[1, 3];18
377;[1, 3];18
378;[1, 3];18
379;[6, 6];1
380;[2, 2];18
381;[5, 0];8
382;[0, 3];9
383;[2, 0];20
384;[1, 2];30
385;[2, 0];20
386;[3, 0];16
387;[2, 3];13
388;[0, 1];46
389;[1, 4];12
390;[1, 4];12
391;[0, 1];46
392;[1, 4];12
393;[0, 1];46
394;[3, 2];18
395;[1, 3];18
396;[3, 4];5
397;[5, 0];8
398;[1, 4];12
399;[1, 2];30
400;[2, 1];34
401;[0, 1];46
402;[1, 1];104
403;[1, 4];12
404;[4, 0];2
405;[1, 0];35
406;[1, 1];104
407;[1, 2];30
408;[1, 1];104
409;[1, 1];104
410;[1, 0];35
411;[1, 1];104
412;[1, 1];104
413;[1, 1];104
414;[1, 0];35
415;[0, 1];46
416;[1, 1];104
417;[1, 2];30
418;[1, 1];104
419;[2, 1];34
420;[1, 3];18
421;[3, 5];6
422;[4, 4];5
423;[4, 4];5
424;[1, 2];30
425;[2, 5];8
426;[3, 2];18
427;[4, 1];15
428;[5, 0];8
429;[2, 1];34
430;[0, 1];46
431;[1, 1];104
432;[1, 1];104
433;[1, 1];104
434;[0, 1];46
435;[2, 2];18
436;[1, 1];104
437;[1, 0];35
438;[2, 2];18
439;[1, 0];35
440;[1, 1];104
441;[1, 3];18
442;[1, 1];104
443;[2, 5];8
444;[1, 3];18
445;[2, 4];8
446;[1, 0];35
447;[2, 0];20
448;[2, 0];20
449;[3, 1];12
450;[3, 1];12
451;[4, 0];2
452;[2, 1];34
453;[2, 1];34
454;[1, 5];6
455;[3, 0];16
456;[2, 2];18
457;[1, 1];104
458;[0, 1];46
459;[0, 1];46
460;[2, 2];18
461;[5, 13];1
462;[3, 1];12
463;[5, 8];3
464;[9, 2];1
465;[11, 3];1
466;[3, 0];16
467;[5, 4];3
468;[10, 8];2
469;[10, 12];2
470;[8, 6];3
471;[7, 7];1
472;[1, 4];12
473;[4, 10];1
474;[1, 5];6
475;[1, 0];35
476;[2, 10];2
477;[3, 1];12
478;[2, 0];20
479;[2, 0];20
480;[5, 3];7
481;[1, 0];35
482;[2, 3];13
483;[5, 1];4
484;[0, 3];9
485;[1, 0];35
486;[0, 1];46
487;[1, 1];104
488;[0, 1];46
489;[1, 0];35
490;[2, 1];34
491;[0, 2];22
492;[1, 0];35
493;[1, 0];35
494;[1, 3];18
495;[0, 1];46
496;[2, 8];2
497;[2, 8];2
498;[4, 1];15
499;[6, 7];1
500;[6, 2];2
501;[1, 2];30
502;[2, 2];18
503;[0, 4];4
504;[4, 1];15
505;[1, 2];30
506;[0, 3];9
507;[1, 0];35
508;[1, 0];35
509;[0, 1];46
510;[3, 0];16
511;[0, 2];22
512;[0, 1];46
513;[0, 1];46
514;[6, 0];3
515;[3, 4];5
516;[2, 2];18
517;[3, 0];16
518;[1, 6];3
519;[2, 1];34
520;[6, 0];3
521;[0, 1];46
522;[6, 3];4
523;[4, 1];15
524;[2, 2];18
525;[1, 4];12
526;[2, 1];34
527;[2, 1];34
528;[0, 2];22
529;[0, 2];22
530;[1, 1];104
531;[1, 0];35
532;[2, 1];34
533;[8, 8];1
534;[6, 5];2
535;[3, 8];2
536;[4, 7];3
537;[4, 7];3
538;[5, 0];8
539;[5, 0];8
540;[5, 0];8
541;[8, 1];1
542;[3, 5];6
543;[0, 1];46
544;[1, 2];30
545;[1, 1];104
546;[2, 3];13
547;[3, 3];11
548;[3, 0];16
549;[1, 3];18
550;[1, 0];35
551;[0, 1];46
552;[0, 2];22
553;[1, 1];104
554;[3, 2];18
555;[1, 2];30
556;[1, 1];104
557;[1, 2];30
558;[1, 1];104
559;[2, 0];20
560;[0, 1];46
561;[1, 0];35
562;[1, 5];6
563;[5, 3];7
564;[0, 4];4
565;[3, 3];11
566;[1, 1];104
567;[2, 3];13
568;[3, 3];11
569;[0, 1];46
570;[1, 1];104
571;[1, 2];30
572;[1, 1];104
573;[1, 1];104
574;[1, 0];35
575;[1, 1];104
576;[1, 1];104
577;[1, 1];104
578;[1, 1];104
579;[1, 0];35
580;[4, 1];15
581;[1, 0];35
582;[1, 1];104
583;[1, 1];104
584;[1, 1];104
585;[1, 2];30
586;[1, 2];30
587;[3, 0];16
588;[0, 2];22
589;[1, 2];30
590;[1, 1];104
591;[1, 1];104
592;[0, 1];46
593;[1, 0];35
594;[0, 1];46
595;[4, 1];15
596;[0, 1];46
597;[2, 0];20
598;[0, 1];46
599;[1, 1];104
600;[1, 1];104
601;[1, 1];104
602;[1, 1];104
603;[1, 1];104
604;[1, 1];104
605;[1, 2];30
606;[2, 1];34
607;[4, 3];7
608;[0, 2];22
609;[2, 0];20
610;[3, 3];11
611;[1, 3];18
612;[1, 3];18
613;[4, 1];15
614;[2, 1];34
615;[3, 2];18
616;[0, 1];46
617;[1, 1];104
618;[6, 2];2
619;[0, 1];46
620;[0, 1];46
621;[6, 4];3
622;[1, 4];12
623;[1, 3];18
624;[2, 6];1
625;[0, 1];46
